2422
5691
5692
5697
5701
5719
5722
5727
5729
5733
5740
5743
5747
5750
5754
5756
5761
5767
5770
5776
5787
5789
5796
5805
5812
5813
5817
5819
5821
5823
5831
5833
5838
5840
5841
5843
5844
5845
5855
5856
5857
5859
5860
5873
5880
5882
5884
5885
5889
5891
5936
5943
5944
5950
5960
5962
5964
5965
5966
5968
5970
5972
5974
5979
5980
2447
5986
6000
6011
6030
6033
6034
6036
6037
6040
6043
6045
6046
6047
6073
6074
6075
6081
6082
6085
6102
6105
6129
6146
6147
6148
6153
6154
6155
6169
6175
6177
6178
6185
6186
6197
6198
6206
6207
6208
6209
6248
6249
6250
6251
6258
6262
6265
6268
6275
6284
6296
6297
6298
6301
6302
6361
6362
6368
6377
6392
6409
6428
6449
6457
6458
6459
6462
6463
6464
6488
6522
6523
6562
6563
6566
6567
6568
6569
6572
6575
6579
6580
6581
6584
6593
6621
6622
6700
6708
6709
6716
6717
6718
6719
6726
6733
6734
6737
6738
6739
6740
6741
6742
6743
6744
6745
6746
6747
6748
6749
6750
6751
26353
26354
26454
2653
25204
25205
25206
25207
25208
25209
25210
25211
25214
25218
25219
25220
25223
25224
23821
23822
23904
26529
26535
26551
26577
26581
26582
26583
26584
26585
26602
26612
26628
26631
26632
26633
26634
26651
26661
26686
26692
26693
26713
26742
26743
26781
26782
26783
26784
26818
26836
26845
26857
26867
26868
26873
26874
26875
26878
26883
26884
26889
26890
26891
26892
26893
26894
25229
25230
25231
25232
25233
25234
25235
5258
5265
24049
24087
24088
24130
24143
24163
24166
24169
24172
24173
24293
24294
24395
24471
24472
2647
26913
26957
27036
27156
27168
25236
25237
25238
25239
25240
25241
25242
25243
25244
25247
25248
25249
25250
25251
25252
25253
5282
5283
7373
7422
8022
8090
8309
8527
8601
8859
8870
9300
113
148
182
193
215
235
242
323
487
488
503
536
1020
1069
1311
1527
1533
1535
1554
1563
1570
1748
1773
1843
1900
2164
2238
2293
25254
25255
25256
25257
25258
5284
1
2
25
26
45
46
65
66
3072
3087
27216
27231
27232
25264
25265
25266
5311
5314
5315
9844
9845
9846
9847
9848
9849
9850
9851
9852
9858
9861
9867
9868
9869
9872
9878
9879
9880
9881
9882
9883
9884
9885
9886
9887
9888
9889
9890
9891
9892
9893
9894
9895
9898
9899
9900
9901
9902
9903
9904
9905
9906
9907
9908
9909
9910
9911
9912
9913
9914
9915
9916
9917
9918
9919
9920
9921
9922
9923
9931
9935
25267
25268
25269
25270
25271
25272
25273
25274
24495
3218
5332
9943
9959
9978
9979
9980
9981
9982
9983
9988
9998
9999
10000
10001
10011
10012
10019
10022
10023
10024
10025
10026
10029
25280
25281
25282
25283
25284
24513
24531
24545
24557
24571
24572
5337
25285
25286
25287
25292
25293
25294
25299
25300
25301
25302
25303
25304
25305
25306
25307
25308
25309
25310
5340
5343
3328
25311
25312
10151
10161
10183
10196
10202
10203
3395
3399
25313
25314
25315
5352
5357
5368
10215
10260
10366
10425
10480
10502
10506
10540
10556
5385
5386
10834
11168
11629
16303
3508
3517
3518
3529
3542
3543
3560
5417
5418
5453
3591
25543
3659
5462
5463
5464
25316
25317
25318
25319
5471
5472
5477
5478
3734
3801
27247
27263
27264
27305
27315
27363
25320
25321
25322
25323
25326
5481
5486
16417
16491
16550
16564
16615
16625
16640
16651
16675
16676
16680
16681
16689
16693
16702
16715
16719
16720
16723
16729
16766
16768
16828
16829
16830
16831
16855
16874
16955
17024
17039
17081
17087
17088
17113
17124
17129
17136
17137
17154
17155
17160
17167
17188
17189
17193
17215
17224
17238
17245
17260
17290
17324
17325
17368
17421
17424
17430
17431
17455
17456
17469
17471
17529
17543
17547
17577
17587
17615
17616
17617
17622
17623
17693
17694
17695
17699
17708
17714
17738
17756
17786
17790
17839
18151
18152
18280
18284
18374
18398
18401
18425
18445
18467
18517
18518
18552
18553
18572
18578
18604
18632
18656
18659
18660
18729
18732
18778
18793
18797
18804
18811
18862
18864
18901
18903
3820
3847
3853
3854
18957
18958
18959
18979
19000
19001
19002
19003
19004
19005
19008
19009
19010
19014
19023
19036
19037
19038
19039
19040
19048
3887
5489
5492
5495
27391
27396
27397
27398
27419
27420
27423
27426
27427
27428
27433
27442
27448
27449
27486
27495
27507
27508
27511
27512
27513
27514
27515
27549
27559
27560
27561
27576
27646
27660
27661
27671
27672
27673
27674
27675
27676
27677
27678
27679
27680
27681
25327
25330
25331
25332
25333
25334
3947
3948
3949
3967
3968
3969
19125
19126
19127
19128
5496
5497
19131
19132
19133
19134
19135
19136
19141
19142
19143
19144
19145
19146
19147
19148
19149
19150
19151
19152
19153
19154
25335
25338
25339
19155
19156
19157
19160
19306
19430
19436
19487
19488
19489
19495
19496
19528
19565
19577
19604
19689
19690
19711
19739
19743
19744
19747
19765
19789
19795
19798
19849
19874
19879
19889
19890
25344
25353
25356
25357
25358
25359
25360
19901
19902
19903
24685
24694
4012
19984
19997
19998
19999
20004
20008
20078
20101
20105
24715
20194
20461
20462
25363
25364
25365
25366
25369
25370
4106
5510
27708
27709
27720
27747
27760
25371
25372
25373
25374
25375
4156
4157
4158
4187
4237
5521
25381
25384
25385
4250
5533
5534
5539
5540
5541
20638
20645
20658
20699
20708
20709
20769
20801
20802
25386
25387
25388
25389
25393
25396
25397
25398
25402
25403
4470
4471
5554
21196
25407
25408
25409
25410
25411
25412
25413
25414
25415
25416
25419
25420
25421
25422
25423
25424
25427
25428
25429
25430
25431
25432
25435
21279
4530
4551
4552
4553
4554
5563
25436
25437
25438
25439
25440
25441
4572
4600
24745
24746
4630
4631
5582
28017
28052
28063
28066
28086
28087
28096
28097
28143
28148
28155
28164
28267
28318
4681
5591
25452
25453
25457
25458
25459
25460
25463
24761
24764
4716
4717
5628
21282
21283
21284
21285
21286
21287
21288
21289
21290
21291
21292
21293
21294
21295
21296
21300
21303
21304
21305
21306
21307
21308
21309
21310
21311
21312
21313
21314
25464
24765
4866
4893
25468
4933
4934
4935
4936
4937
5637
4957
25469
25470
25471
25472
25473
25474
25475
5656
5659
5664
25476
25477
25478
25479
25483
25484
25485
5157
25612
25640
25488
24890
5181
25489
28824
28825
28826
28878
5671
5672
28387
28388
21319
21320
21321
21322
21323
21324
21325
21326
21327
21328
21329
21330
21331
21332
21333
21334
21335
21336
21337
21338
21339
21340
21341
21342
21343
21344
21345
21346
21347
21348
21349
21350
21351
21352
21353
21354
21355
21356
21357
21358
21359
21360
21361
21362
21363
21364
21365
21366
21367
21368
21369
21370
21371
21372
21373
21374
21375
21376
21377
21378
28461
5199
5202
5205
5208
5216
5219
29002
29004
29049
29052
29053
29054
29087
29088
29091
29092
29093
29098
29099
29100
29101
29102
29103
29104
29105
29111
29110
29228
29236
29237
29301
29302
29303
29304
29305
29312
29316
29677
29678
29696
29697
29700
29703
29712
29722
29724
29737
29743
29744
29946
30106
30107
30108
30117
30118
30123
30272
30275
30288
30289
30290
30306
30351
30352
30355
30409
30434
30435
30535
30538
30551
30554
30558
30561
30664
30665
30702
30720
30780
30781
30821
30826
30832
30834
30842
30843
30846
30847
30848
30851
30852
30872
30873
30874
30924
31031
31032
31033
31034
31035
31036
31037
31040
31041
31042
31043
31044
31045
31050
31051
31052
31053
31054
31055
31056
31070
31071
31072
31073
31086
31102
31103
31123
31127
31157
31256
31257
31260
31298
31299
31366
31371
31375
31381
31382
31385
31386
31389
31390
31391
31463
31479
31538
31539
31660
31662
31691
31692
31695
31698
31699
31700
31703
31704
31707
31710
31711
31712
31713
31714
31715
31719
31723
31724
31727
32009
32010
32011
32012
32013
32020
32023
32039
32040
32041
32042
32043
32044
32045
32172
32268
32276
32277
32278
32279
32280
32284
32283
32290
32291
32294
32296
32299
32302
32303
32304
32305
32306
32307
32308
32311
32312
32313
32316
32317
32320
32325
32326
32327
32332
32333
32336
32337
32338
32339
32340
32341
32344
32345
32352
32357
32358
32582
32642
32643
32644
32645
32646
32655
32658
32659
32661
32687
32736
32737
32760
32764
32765
32766
32769
32772
32776
32777
32778
32779
32782
32783
32784
32785
32786
32789
32803
32806
32807
32808
32811
32812
32813
32814
32815
32818
32819
32820
32925
32986
32987
32988
33041
33074
33082
33223
33224
33225
33246
33247
33248
33249
33302
33303
33326
33327
33331
33332
33357
33358
33359
33360
33361
33362
33363
33364
33365
33366
33367
33368
33369
33370
33371
33505
33618
33653
33671
33684
33687
33699
33704
33705
33706
33707
33708
33709
33716
33717
33729
33733
33743
33748
33749
33752
33753
33798
33806
33807
33808
33809
33876
33955
33957
33959
34086
34087
34088
34089
34090
34091
34092
34093
34094
34095
34096
34097
34098
34114
34158
34159
34160
34173
34174
34183
34217
34218
34221
34291
34361
34362
34514
34545
34579
34583
34586
34701
34706
34714
34765
34774
34786
34848
34879
35056
35057
35058
35059
35064
35093
35155
35176
35217
35229
35236
35240
35241
35242
35272
35308
35371
35375
35379
35406
35407
35413
35414
35430
35435
35465
35490
35501
35502
35814
35906
35907
35923
35967
35977
35985
35986
36004
36009
36031
36037
36045
36073
36090
36106
36109
36114
36136
36137
36140
36155
36156
36169
36177
36178
36180
36185
36186
36187
36197
36200
36201
36208
36213
36214
36227
36232
36242
36246
36247
36253
36254
36265
36266
36267
36298
36299
36307
36308
36309
36348
36363
36371
36377
36391
36396
36399
36400
36420
36421
36494
36582
36617
36619
36624
36638
36724
36729
36827
36867
36874
36880
36887
36898
36901
36902
36905
36911
36912
36935
36942
36945
36973
36974
36977
36982
36981
36985
36988
36989
36990
36995
36996
36997
37004
37008
37009
37010
37014
37015
37016
37064
37072
37073
37094
37095
37103
37128
37136
37138
37153
37164
37166
37173
37192
37228
37253
37254
37262
37268
37344
37354
37367
37373
37380
37387
37422
37432
37436
37452
37472
37510
37514
37521
37526
37529
37558
37560
37569
37597
37601
37602
37607
37614
37627
37639
37721
37725
37729
37738
37743
37877
37892
37936
37937
38017
38040
38067
38093
38166
38263
38276
38291
38399
38409
38441
38461
38467
38475
38522
38539
38592
38600
38619
38651
38684
38700
38715
38757
38859
38871
38797
39013
39063
39102
39124
39475
39752
39816
39996
40080
40265
40364
40656
40756
40872
41018
41085
41188
41395
41396
41690
41694
41695
41879
42188
42303
42307
42308
42388
42507
42974
43188
43454
43633
43651
44122
44298
44340
44680
45162
45197
45293
45991
46404
46488
46489
46627
46686
46894
47385
48247
48267
48395
48396
48619
49118
49147
49213
49254
49326
49390
49394
49404
49460
49538
49541
49632
49755
49873
49945
50193
50575
50636
50829
51406
51546
51605
52085
52102
52806
52809
52832
52869
52870
52915
52990
52996
52997
53003
53008
53042
53049
53275
53527
53715
53747
53951
54038
54579
54708
54948
54994
55091
55101
55106
55122
55148
55230
55231
55249
55250
55251
55252
55279
55376
55388
55389
55390
55391
55400
55401
55560
55769
55856
55917
55918
56091
56118
56201
56202
56207
56211
56212
56213
56284
56285
56335
56425
56430
56529
56530
56655
56924
57095
57110
57152
57459
57460
57597
57659
58106
58109
58110
58534
58535
58633
58651
58661
58670
58701
58702
58747
59175
61592
61789
61629
61584
61226
61796
59051
61216
61628
59342
61245
59008
61236
61219
60504
59141
58784
59447
61227
59487
59538
59343
59762
59746
59652
59756
59695
59638
59640
59098
59110
59119
59239
59007
59316
61291
59022
59373
59345
60686
58827
60679
59448
58712
60737
59346
60164
59413
59292
60975
59069
59081
59071
60995
60993
61193
61223
60261
60293
60291
60286
60296
61240
59435
59889
61241
61246
60520
59576
61239
60263
61211
60503
59726
59225
59050
59422
58790
59461
59306
59160
59158
59227
60307
59228
59403
59034
59221
59172
59229
59164
59224
59222
59188
59009
58793
61286
61235
61619
61284
61203
61506
61526
59496
59788
59472
60922
60782
59677
59667
59763
59674
59707
59737
59093
61199
59611
59651
59478
61523
61273
61513
59731
59185
59650
59658
59689
59818
59709
60925
59630
59631
59814
59641
59820
60241
59710
60434
61597
61590
59806
59711
61574
58703
60926
60506
61270
61272
59120
60513
60505
60517
60518
60250
60109
61295
60104
60217
60270
59131
58766
60725
60510
60514
60295
61224
61594
60818
61262
59065
59137
59808
59083
59088
59680
60927
59702
59703
59698
59675
61009
61623
59670
59661
60803
61586
59012
61580
59739
59783
59279
59752
59253
59704
59705
61698
61252
59665
59706
59126
59059
59189
59359
60096
59723
61296
59552
59908
61218
61587
59351
61481
61207
61588
59691
61234
61237
59524
61579
61255
59618
59507
59425
61229
59585
59614
61212
59602
61519
61010
59133
60831
61213
60614
60687
61253
60792
59100
59102
61603
59600
61582
59541
60919
61483
61305
59140
61204
60720
59107
59116
59104
59108
61515
59244
61589
61514
61512
59117
59118
61465
61524
61201
61521
60290
61230
59123
61282
61238
59257
61292
59234
59724
61222
59167
59106
60509
59823
59285
61214
59103
61225
61244
61256
61271
61875
62006
62007
62563
63069
63561
64251
64398
64399
65727
65833
65834
65841
65842
65871
66954
67144
67163
67245
67510
67563
67567
67603
67838
67907
67928
68302
68449
68493
68530
68531
68597
68638
69144
69755
70218
71085
71435
71823
71909
71979
72141
72149
72153
72165
72170
72174
72175
72183
72223
72251
72338
72367
72432
72485
72568
72574
72597
72648
72710
72746
72813
72814
72825
72983
72984
73008
73060
73092
73286
73421
73475
73539
73540
73543
73656
73776
74103
74137
74142
74272
74318
74358
74388
74398
74422
74423
74424
74436
74444
74457
74468
74669
74677
74702
74703
74704
74744
74766
74767
74768
74769
74773
74866
74867
74868
74909
74990
75165
75184
75203
75422
75494
75552
75558
75557
75559
75685
75686
75742
75768
75784
75785
75826
75873
75910
75976
75977
76002
76212
76224
76266
76271
76288
76347
76348
76349
76365
76387
76386
76401
76453
76478
76479
76480
76516
76552
76568
76627
76636
76637
76741
76742
76868
76876
76877
76974
76996
77044
77080
77108
77153
77154
77236
77382
77505
77663
77670
77674
77675
77676
77677
77701
77704
77712
77716
77717
77718
77731
77732
77747
77768
77773
77774
77775
77776
77777
77780
77806
77825
77826
77827
77880
77890
77891
78107
78124
78184
78258
78361
78364
78586
78691
78694
78695
78734
78751
78791
78813
79484
79485
79490
79495
79501
79507
79510
79511
79514
79515
79560
79574
79601
79626
79672
79719
79724
79771
79832
79998
80007
80098
80269
80275
80284
80299
80302
80306
80307
80308
80366
80425
80540
80574
80579
80606
80984
80985
81020
81135
81152
81179
81198
81220
81242
81507
81638
81662
81703
81712
81753
81830
81841
81908
81973
81979
81997
82004
82076
82120
82150
82172
82193
82196
82208
82480
82517
82571
82909
82910
82998
83028
83032
83147
83152
83317
83318
83319
83320
83324
83325
83328
83362
83444
83576
83623
83630
83635
83684
83688
83708
83709
83762
83800
83826
83832
83854
83860
83869
83929
83935
83952
84001
84011
84027
84049
84088
84531
84616
84650
84732
84741
84772
84784
84799
84844
84868
84875
84878
84929
85607
86996
87016
87099
87111
87135
87160
87172
87180
87225
87302
87321
87359
87378
87401
88090
88289
89272
89421
89452
89493
89514
89544
89565
89668
89673
89727
89802
89970
90514
90593
91584
92008
92046
92956
93068
93101
93142
93226
93937
94557
94830
94837
94880
94915
94928
95021
95034
95111
95414
95630
95648
96081
96089
96096
96311
96417
96418
96455
96456
96474
96485
96521
96715
96764
96810
96841
96846
96847
96871
96907
96910
96931
96933
96978
97007
97008
97019
97040
97053
97054
97055
97056
97057
97061
97062
97069
97072
97077
97078
97079
97080
97081
97082
97083
97084
97085
97086
97087
97088
97091
97092
97093
97094
97095
97097
97096
97100
97101
97102
97105
97106
97107
97108
97109
97110
97113
97114
97115
97128
97139
97140
97141
97144
97146
97147
97148
97150
97151
97152
97155
97156
97157
97158
97159
97164
97165
97166
97167
97168
97169
97176
97179
97180
97181
97182
97185
97186
97187
97196
97201
97206
97207
97208
97209
97210
97211
97212
97213
97216
97231
97232
97243
97245
97252
97256
97259
97264
97265
97270
97271
97272
97273
97274
97275
97276
97277
97278
97281
97284
97289
97294
97297
97298
97310
97311
97312
97313
97318
97319
97320
97323
97324
97326
97327
97330
97331
97332
97333
97338
97344
97347
97348
97353
97354
97355
97357
97360
97361
97364
97365
97366
97367
97370
97377
97384
97385
97386
97391
97392
97393
97398
97401
97404
97407
97408
97411
97412
97415
97420
97421
97422
97425
97426
97430
97433
97437
97438
97445
97448
97449
97450
97455
97465
97466
97467
97468
97475
97490
97492
97494
97495
97497
97499
97500
97501
97502
97503
97504
97505
97506
97507
97508
97509
97512
97515
97516
97517
97518
97519
97520
97521
97522
97523
97526
97527
97530
97531
97534
97535
97536
97537
97538
97539
97540
97541
97542
97543
97544
97545
97546
97547
97548
97549
97552
97553
97554
97555
97556
97557
97558
97561
97562
97563
97564
97565
97566
97567
97571
97572
97573
97574
97575
97576
97595
97598
97600
97604
97605
97606
97607
97609
97612
97614
97616
97624
97629
97632
97635
97639
97642
97643
97659
98228
98704
98705
98722
98895
99107
99108
99125
99128
99208
99211
99283
99336
99337
99386
99478
99634
100401
100402
100403
100406
100436
100544
100704
101022
101075
101087
101091
101239
101246
101637
101644
101667
101668
101669
101683
101684
101690
101691
101692
101693
101695
101696
101697
101700
101715
101716
101717
101718
101724
101725
101731
101732
101733
101739
101740
101741
101742
101747
101762
101796
101797
101798
101801
101802
101803
101820
101821
101822
101823
101824
101825
101826
101827
101828
101829
101830
101831
101835
101839
101842
101843
101846
101848
101850
101852
101853
101923
101855
101861
101862
101863
101866
101867
101871
101872
101878
101892
101900
101901
101908
101909
101914
101920
101921
102090
