     1   1.959169533
     2   2.860957000
     3   0.745594640
     4   0.872346000
     5   1.011435758
     6   0.902290000
     7   1.018474456
     8   1.039592468
     9   1.095890000
    10   1.901150000
    11   1.048103000
    12   1.418900679
    13   1.332144000
    14   1.444213000
    15   1.556105337
    16   0.517585952
    17   2.432435774
    18   1.878228668
    19   1.304883000
    20   1.862398783
    21   1.773465010
    22   1.598812165
    23   1.430438055
    24   0.916766000
    25   1.221808000
    26   1.409509702
    27   1.453742793
    28   1.410157578
    29   1.260843614
    30   1.454965581
    31   1.152611447
    32   1.285642324
    33   1.408203463
    34   1.619734250
    35   1.530853019
    36   1.399410071
    37   1.360127449
    38   1.533690000
    39   1.264559733
    40   1.313524354
    41   1.225806394
    42   1.363873785
    43   1.372591635
    44   1.333206000
    45   1.374757075
    46   1.517367018
    47   1.523600995
    48   1.509271130
    49   1.884089538
    50   1.390842444
    51   1.097908827
    52   1.068023000
    53   1.284092241
    54   1.240496821
    55   1.109475134
    56   1.994355601
    57   1.561196908
    58   1.494583747
    59   1.315466148
    60   1.313897004
    61   1.624621000
    62   1.435947813
    63   1.301000000
    64   1.128718780
    65   1.200105584
    66   0.957823267
    67   1.132101451
    68   1.626496767
    69   2.521989193
    70   1.923676302
    71   1.176264547
    72   1.066606000
    73   2.203864636
    74   1.781024704
    75   1.710360703
    76   0.824716170
    77   2.412654342
    78   2.003614905
    79   2.152992799
    80   2.002753307
    81   1.203786176
    82   1.185185000
    83   1.492334513
    84   1.270424624
    85   0.900085933
    86   1.155752263
    87   1.356776579
    88   1.134425209
    89   1.380078421
    90   1.419268205
    91   1.242531455
    92   1.370294000
    93   1.187615963
    94   0.582498000
    95   0.539385510
    96   1.218878469
    97   1.271329648
    98   1.118297492
    99   1.101062256
   100   0.811639655
   101   1.212930924
   102   0.895101750
   103   1.118764682
   104   1.264094091
   105   1.169940214
   106   1.113553977
   107   0.751812000
   108   1.121167579
   109   1.237942051
   110   0.640239265
   111   1.040338920
   112   1.373971638
   113   1.156624062
   114   1.151659244
   115   1.201289140
   116   1.333015591
   117   1.406272357
   118   0.896074063
   119   1.225472000
   120   1.268814539
   121   1.832842701
   122   1.413150236
   123   1.263195971
   124   1.523155000
   125   1.589470000
   126   1.652734174
   127   1.710332212
   128   1.520634553
   129   1.537878000
   130   0.704351639
   131   1.602803000
   132   1.497875315
   133   1.477248800
   134   1.274666964
   135   1.202570407
   136   1.165027000
   137   1.062545490
   138   0.938452116
   139   1.383703078
   140   1.212084515
   141   1.614766000
   142   0.935279623
   143   1.770687722
   144   1.710860962
   145   1.428153295
   146   2.037308570
   147   1.447328000
   148   1.034223586
   149   1.324854000
   150   1.569553203
   151   0.511106000
   152   1.320815674
   153   1.134177000
   154   1.806241328
   155   1.897072562
   156   1.419114578
   157   1.566729861
   158   0.895336000
   159   1.439541598
   160   2.277570682
   161   1.798592000
   162   2.385088538
   163   1.252702400
   164   0.952654000
   165   1.254385175
   166   1.193750517
   167   1.148173653
   168   1.070226950
   169   1.181704808
   170   1.021618874
   171   0.944455288
   172   1.131859501
   173   0.976391000
   174   1.850782876
   175   1.794549143
   176   1.881554000
   177   2.323594828
   178   1.228666662
   179   1.137156000
   180   1.361687000
   181   0.927416485
   182   1.644295000
   183   1.465296590
   184   1.727796524
   185   1.742999316
   186   1.640033000
   187   0.991568000
   188   1.373917790
   189   1.395605154
   190   1.272402982
   191   1.376109194
   192   1.382262685
   193   1.356782174
   194   1.295591000
   195   1.547163405
   196   1.479926395
   197   1.395934290
   198   1.943879683
   199   1.628278495
   200   0.967997000
   201   2.882842314
   202   2.474080543
   203   2.234082979
   204   3.841183180
   205   1.693126000
   206   1.808008246
   207   1.691064367
   208   1.348287049
   209   1.112410711
   210   0.925880147
   211   2.370535159
   212   1.431280947
   213   1.645748785
   214   1.684703649
   215   1.252899730
   216   1.362168683
   217   1.418673000
   218   1.351776964
   219   0.878571000
   220   1.743066540
   221   1.277465121
   222   1.318537002
   223   1.162533257
   224   1.256661362
   225   1.522564096
   226   1.927255102
   227   1.862258027
   228   0.819905000
   229   1.685312606
   230   1.625473566
   231   1.370627329
   232   1.687775838
   233   1.191584677
   234   1.239420744
   235   1.072647139
   236   1.141086000
   237   1.147888775
   238   1.264332988
   239   1.237006862
   240   1.139795409
   241   1.205208847
   242   1.412243161
   243   1.129787723
   244   1.383386232
   245   1.287233469
   246   1.104864108
   247   1.188959000
   248   1.174196362
   249   1.514701541
   250   1.008065000
   251   1.185226000
   252   1.060096287
   253   1.774521000
   254   1.277804759
   255   1.451147880
   256   1.280636324
   257   1.911169000
   258   1.404823104
   259   1.351676921
   260   1.911169000
   261   1.351097579
   262   1.385822171
   263   1.442269092
   264   1.202780215
   265   1.499879685
   266   1.327369000
   267   1.708554811
   268   1.546837939
   269   1.606360509
   270   1.750517394
   271   1.739047551
   272   1.576804016
   273   1.611716533
   274   1.652797404
   275   1.870989391
   276   1.630315002
   277   1.576921049
   278   1.912786844
   279   1.792443533
   280   1.713118348
   281   2.033702000
   282   1.766190316
   283   1.480437000
   284   1.804293155
   285   1.726130328
   286   1.581102112
   287   1.477750262
   288   1.757605000
   289   1.667712202
   290   1.565007695
   291   1.606070530
   292   1.517286174
   293   1.252075033
   294   1.916378403
   295   1.686985603
   296   1.339267483
   297   1.425592865
   298   1.476086064
   299   1.309473094
   300   0.692074425
   301   1.357387000
   302   1.188238567
   303   1.505563287
   304   1.686236836
   305   1.446433857
   306   1.812419000
   307   1.688158327
   308   1.555278649
   309   1.334667243
   310   1.496086367
   311   1.697797953
   312   1.918785370
   313   1.613060000
   314   1.563103337
   315   1.587220000
   316   1.651603201
   317   1.595831829
   318   1.439047777
   319   1.571289460
   320   1.702591030
   321   1.624828317
   322   1.470320036
   323   1.201297000
   324   1.542794491
   325   1.917340000
   326   1.228320411
   327   1.689097488
   328   1.619744088
   329   0.831572000
   330   1.489229474
   331   1.273743992
   332   1.251899816
   333   1.221299220
   334   1.694330824
   335   1.711823000
   336   1.666978687
   337   1.714309368
   338   1.956241000
   339   1.606282784
   340   1.678937379
   341   1.597080177
   342   1.391048598
   343   1.437186008
   344   1.357133000
   345   1.881364809
   346   1.674651000
   347   1.572271000
   348   1.412076695
   349   1.350563669
   350   1.280054563
   351   1.394424756
   352   1.292273902
   353   1.166228397
   354   1.439720456
   355   1.433283354
   356   1.751648244
   357   1.661699672
   358   1.336578828
   359   1.151712780
   360   1.222652622
   361   1.373012199
   362   1.207499173
   363   1.488918189
   364   1.423639768
   365   1.320725980
   366   1.142279099
   367   1.527865170
   368   1.624475301
   369   1.408614313
   370   1.307005231
   371   0.996308346
   372   0.754046896
   373   0.813372002
   374   1.237347000
   375   1.625299565
   376   1.617495400
   377   1.377135306
   378   1.148928000
   379   1.483053788
   380   2.089243000
   381   1.460971345
   382   1.520104019
   383   1.383895866
   384   1.290123000
   385   1.162514469
   386   1.196724664
   387   1.600267345
   388   0.871587560
   389   2.521067000
   390   1.089228000
   391   1.113824227
   392   2.138388865
   393   1.931274000
   394   1.786461106
   395   2.261968424
   396   1.601244000
   397   1.365251279
   398   1.360445000
   399   0.898583000
   400   0.961521822
   401   1.216860076
   402   1.107910360
   403   1.280152875
   404   1.237545366
   405   1.241369000
   406   0.957066822
   407   0.968623156
   408   1.087828707
   409   1.019549931
   410   1.337683000
   411   1.234620660
   412   0.877050737
   413   1.266805789
   414   1.127442277
   415   1.461357000
   416   1.533496000
   417   1.217484000
   418   4.225190000
   419   0.702439381
   420   1.050639286
   421   1.114191632
   422   1.160856232
   423   1.816021902
   424   1.291908000
   425   1.650908771
   426   1.412666499
   427   2.448677059
   428   1.966136291
   429   2.242428730
   430   1.373582700
   431   1.919391000
   432   1.248387111
   433   1.275386912
   434   1.172835245
   435   1.722547315
   436   1.155237508
   437   1.680612692
   438   1.314453271
   439   1.180501001
   440   1.204107079
   441   1.272913708
   442   1.668699672
   443   1.640627067
   444   1.698584364
   445   1.614412720
   446   1.546733147
   447   1.431143204
   448   1.459829311
   449   1.311525188
   450   2.051212000
   451   1.407112111
   452   1.561603325
   453   1.391966200
   454   1.082883829
   455   1.228043021
   456   1.696033156
   457   1.607281050
   458   1.639305820
   459   1.457929882
   460   1.463851814
   461   0.919018000
   462   0.843865512
   463   1.395031776
   464   1.536471304
   465   1.851357316
   466   1.645587327
   467   1.715089373
   468   1.554118701
   469   1.457381033
   470   1.359646303
   471   1.696943000
   472   1.686537467
   473   1.540424094
   474   1.440853181
   475   1.884936314
   476   3.270058505
   477   0.873746059
   478   1.085914000
   479   0.980370000
   480   1.183364000
   481   1.085759000
   482   1.217225641
   483   1.614731400
   484   1.502522375
   485   1.481589382
   486   1.305987000
   487   1.786277302
   488   1.631450668
   489   1.684809904
   490   1.368163887
   491   1.330519233
   492   1.284050933
   493   0.904367762
   494   1.435835923
   495   2.013059578
   496   1.829654468
   497   1.956248438
   498   1.698311385
   499   1.832256557
   500   2.031004230
   501   0.958851000
   502   1.237659142
   503   1.163310891
   504   1.231767792
   505   0.929577549
   506   1.182041606
   507   1.468659472
   508   1.163186731
   509   1.233433904
   510   1.160250816
   511   1.372216000
   512   1.397499746
   513   1.320560774
   514   1.407232433
   515   1.386135735
   516   1.290067718
   517   1.335253000
   518   0.623351444
   519   1.383749473
   520   1.232816994
   521   1.314951960
   522   1.360022453
   523   1.266342972
   524   1.766089002
   525   1.593098121
   526   1.447592695
   527   1.494905000
   528   1.414820569
   529   1.577383229
   530   1.570912574
   531   1.565978575
   532   1.374780493
   533   0.832992000
   534   1.340049134
   535   1.347033118
   536   1.228438000
   537   1.073178916
   538   1.026324579
   539   1.472662385
   540   2.002984287
   541   1.971549276
   542   2.282973743
   543   1.964570961
   544   1.682284000
   545   1.367220192
   546   1.567648740
   547   1.953961272
   548   1.498402000
   549   1.386674364
   550   1.278536541
   551   1.215184000
   552   1.314420375
   553   1.109280000
   554   2.264306617
   555   1.227317472
   556   0.913594000
   557   1.990090000
   558   1.082746507
   559   1.280255138
   560   1.470700017
   561   0.884993240
   562   1.734915000
   563   1.065905000
   564   2.163528677
   565   2.067578927
   566   1.218063000
