      ID     SpC   Event           Hg_obs           Hg_LOO            sigma     max_log_like num_iters best_iter            lmSpC          lmEvent         stderrlm        NDMMF_SpC      NDMMF_Event     N  N_ND
   25194     320      19   1.49036747e-01   1.08686483e-01   4.36573000e-01  -1.80280000e-01     25000         1   1.13121432e+00   1.90311462e+00   2.18286882e-01   1.13121400e+00   1.90311382e+00     2     0
   25192     320      19   9.43444870e-02   1.50233987e-01   8.40500000e-03   7.71998000e+00        26        26  -6.41462467e-02   5.16934493e+00   8.40498440e-03  -6.41459550e-02   5.16934599e+00     2     0
   25193     320      19   1.46535714e-01   3.90503942e-01   4.53383000e-01  -2.55843000e-01     25000         1   3.65995683e+00  -4.03055175e+00   2.26691866e-01   3.65995700e+00  -4.03055393e+00     2     0
   25201     327      22   1.30240519e-01   2.38957522e-02   4.48191000e-01  -2.32807000e-01     25000         1   3.32993417e+00  -3.18161432e+00   2.24096252e-01   3.32993400e+00  -3.18161283e+00     2     0
   25202     327      22   1.62941521e-01   2.24622122e-01   6.70670000e-01  -1.03892000e+00     25000         1   9.57258053e-01   3.03828072e+00   3.35335313e-01   9.57258000e-01   3.03828229e+00     2     0
   25203     327      22   2.55647177e-01   1.71848661e-01   2.22473000e-01   1.16801800e+00     25000         1   3.93056076e-01   4.12202916e+00   1.11239061e-01   3.93056000e-01   4.12203261e+00     2     0
    5876     327     103   5.00000000e-01   7.00000079e-01   0.00000000e+00  -9.90000000e+10     25000         0   0.00000000e+00   6.55250789e+00   0.00000000e+00   0.00000000e+00   6.55250800e+00     2     0
    5903     320     114   1.00000000e-01   1.44696257e-01   1.67491000e-01   1.83942900e+00        26         3  -8.65391427e-01   7.39004481e+00   1.78352309e-01  -8.65391000e-01   7.39004363e+00     5     0
    5905     320     114   1.30000000e-01   1.09781714e-01   2.68615000e-01  -1.46809600e+00     19530     19530  -1.37323615e+00   8.72178182e+00   2.33263773e-01  -1.66696277e+00   9.50238928e+00     5     1
    5904     320     114   1.10000000e-01   1.52017986e-01   2.22776000e-01  -9.27314000e-01      6878      6878  -1.55158708e+00   9.29101848e+00   2.09208338e-01  -1.54308135e+00   9.24790166e+00     5     1
    5906     320     114   1.50000000e-01   1.14252670e-01   2.50779000e-01  -1.19438500e+00     12266     12266  -1.56842584e+00   9.24219791e+00   2.30317976e-01  -1.70216718e+00   9.58468287e+00     5     1
    5908     320     114   1.80000000e-01   1.23437987e-01   2.32989000e-01  -9.21989000e-01     13143     13143   1.64378062e-01   4.41264796e+00   1.92986062e-01   2.35706830e-01   4.18882478e+00     5     1
    5907     320     114   1.70000000e-01   1.31413293e-01   2.49199000e-01  -1.18701700e+00      7590      7590  -5.43800129e-01   6.39799559e+00   2.09514412e-01  -5.29008521e-01   6.33036665e+00     5     1
    5910     490     114   1.50000000e-01   3.13142597e-01   2.06202000e-01   1.31991800e+00     25000         1   1.93669995e+01  -5.08317594e+01   1.03103521e-01   1.93669990e+01  -5.08317581e+01     2     0
    5909     490     114   1.30000000e-01   1.63216562e-01   3.55940000e-02   4.83328400e+00     25000         1  -1.85790011e+00   1.04452230e+01   3.20622641e-02  -1.85790000e+00   1.04452227e+01     2     0
    5911     490     114   1.60000000e-01   1.34462471e-01   7.89320000e-02   3.24046900e+00     25000         1   3.14607315e+00  -4.17412193e+00   7.10412568e-02   3.14607300e+00  -4.17412148e+00     2     0
    5913     238     115   4.20000000e-01   5.05757520e-01   1.11671000e-01   4.63954700e+00        26         2   3.12662955e-01   5.27761567e+00   1.15819935e-01   3.12663000e-01   5.27761553e+00     6     0
    5912     238     115   4.20000000e-01   5.05757520e-01   1.11671000e-01   4.63954700e+00        26         2   3.12662955e-01   5.27761567e+00   1.15819935e-01   3.12663000e-01   5.27761553e+00     6     0
    5914     238     115   4.40000000e-01   8.24138658e-01   1.24418000e-01  -9.90000000e+10     25000         0  -2.04408458e+00   1.23442680e+01   1.24418104e-01  -2.04408500e+00   1.23442680e+01     6     0
    5915     238     115   4.90000000e-01   4.82367907e-01   1.30107000e-01   3.72276500e+00        26         2   1.07231162e-01   5.85938150e+00   1.30566799e-01   1.07231000e-01   5.85938198e+00     6     0
    5916     238     115   4.90000000e-01   4.82367907e-01   1.30107000e-01   3.72276500e+00        26         2   1.07231162e-01   5.85938150e+00   1.30566799e-01   1.07231000e-01   5.85938198e+00     6     0
    5917     238     115   5.70000000e-01   4.64884604e-01   1.05682000e-01   4.97030800e+00        26         3   2.19903384e-01   5.49772269e+00   1.08021672e-01   2.19903000e-01   5.49772383e+00     6     0
    5918     238     115   5.70000000e-01   4.65669851e-01   1.07648000e-01   4.85972100e+00        26         2  -9.09460644e-02   6.42172648e+00   1.08021672e-01  -9.09460000e-02   6.42172629e+00     6     0
    5926     327     115   1.17000000e+00   3.66283986e-01   1.48311100e+00  -9.23945800e+00      9484      9466   9.48155110e-01   3.42187113e+00   1.03121026e+00   1.61900924e+00   1.27498350e+00     6     2
    5920     327     115   1.00000000e-01   5.65556154e-01   9.94524000e-01  -8.39502700e+00      8766      8751   1.98215556e+00   9.28326516e-01   8.49302502e-01   2.33256917e+00  -1.17451387e-01     6     1
    5921     327     115   1.00000000e-01   5.65556154e-01   9.94524000e-01  -8.39502700e+00      8766      8751   1.98215556e+00   9.28326516e-01   8.49302502e-01   2.33256917e+00  -1.17451387e-01     6     1
    5922     327     115   6.70000000e-01   4.11868857e-01   1.54553300e+00  -9.39873100e+00      8744      8726   3.00110468e+00  -2.20365568e+00   1.09119040e+00   3.96993514e+00  -5.19642077e+00     6     2
    5923     327     115   8.20000000e-01   7.90230324e-02   1.38325700e+00  -8.78158500e+00     17627     17609   8.85733981e+00  -1.87330124e+01   1.07633780e+00   1.26337530e+01  -2.96181859e+01     6     2
    5925     327     115   1.17000000e+00   1.82807619e-01   1.36565000e+00  -8.83315300e+00     11571     11553   6.28396269e+00  -1.15321249e+01   1.03121026e+00   8.33342788e+00  -1.75402335e+01     6     2
    5924     327     115   9.10000000e-01   4.11149207e-01   1.52932500e+00  -9.36186800e+00     10113     10099   1.55040494e+00   1.79578146e+00   1.06570176e+00   2.09114121e+00   2.92580000e-03     6     2
    5932     320     116   1.41000000e+00   8.29148573e-01   3.23321000e-01  -1.15931200e+00        26         2   3.16036027e-01   5.84124578e+00   3.25099086e-01   3.16036000e-01   5.84124585e+00     4     0
    5929     320     116   7.40000000e-01   1.06519876e+00   3.75942000e-01  -1.76247300e+00        26         2  -6.54746267e-01   8.73924163e+00   3.80696296e-01  -6.54746000e-01   8.73924088e+00     4     0
    5931     320     116   1.41000000e+00   8.29148573e-01   3.23321000e-01  -1.15931200e+00        26         2   3.16036027e-01   5.84124578e+00   3.25099086e-01   3.16036000e-01   5.84124585e+00     4     0
    5930     320     116   8.00000000e-01   5.96122480e+00   2.11390100e+00  -6.70299800e+00     25000         1   8.00957542e+00  -1.52005938e+01   3.92380061e-01   8.00957500e+00  -1.52005926e+01     4     0
    5928     320     116   5.80000000e-01   1.07605655e+00   2.98922000e-01  -8.45468000e-01        26         3  -5.21340571e-01   8.41625225e+00   3.03811274e-01  -5.21341000e-01   8.41625346e+00     4     0
    6020     327     174   2.80000000e-01   6.09840327e-01   4.89571000e-01  -1.83471300e+00     25000         1   1.07924902e+00   3.59839270e+00   1.75328259e-01   1.07922852e+00   3.59718059e+00     6     0
    6022     327     174   6.00000000e-01   5.20978206e-01   2.92832000e-01  -1.33548000e+00      3151      3151   1.12573029e+00   3.34384405e+00   3.38865231e-01   1.13489211e+00   3.33452846e+00     6     0
    6023     327     174   6.00000000e-01   5.56309688e-01   2.97950000e-01  -1.45675300e+00      4048      4048   1.04346088e+00   3.56707335e+00   3.38865231e-01   9.95223431e-01   3.71315528e+00     6     0
    6024     327     174   6.20000000e-01   4.70775762e-01   3.36754000e-01  -9.90000000e+10     25000         0   1.34019884e+00   2.76724263e+00   3.36753598e-01   1.34019900e+00   2.76724300e+00     6     0
    6026     327     174   8.00000000e-01   3.30798586e-01   2.58537000e-01  -5.29767000e-01     25000     25000  -3.07650347e+00   1.41397620e+01   2.96804796e-01  -1.70800599e+00   1.06784812e+01     6     0
    6025     327     174   6.50000000e-01   4.70874610e-01   3.32587000e-01  -9.90000000e+10     25000         0   1.36198687e+00   2.70369082e+00   3.32586547e-01   1.36198700e+00   2.70369100e+00     6     0
    6021     327     174   4.40000000e-01   5.35645393e-01   2.73501000e-01  -9.79911000e-01      4965      4965   8.98197407e-01   3.98425230e+00   3.28203751e-01   8.49196693e-01   4.13238371e+00     6     0
    6048     327     189   1.50000000e-01   3.40509536e-01   1.41086100e+00  -1.03121410e+01     25000         1   3.11454917e+00  -2.78556606e+00   5.47558210e-01   3.11509541e+00  -2.70460258e+00     6     0
    6049     327     189   1.90000000e-01   2.55707191e-01   2.21196700e+00  -1.38365270e+01     25000         1   3.27295736e+00  -3.30659576e+00   6.03780806e-01   3.27343700e+00  -3.20797779e+00     6     0
    6051     327     189   4.10000000e-01   3.61967817e-01   2.38326400e+00  -1.26298430e+01     25000         1   3.47022231e+00  -3.91948711e+00   6.53023100e-01   3.47107074e+00  -3.82370293e+00     6     0
    6052     327     189   4.80000000e-01   9.29026876e-01   1.56597100e+00  -1.11445880e+01     25000         1   4.30740013e+00  -6.15203531e+00   6.41011795e-01   4.30817583e+00  -6.07738531e+00     6     0
    6053     327     189   5.80000000e-01   6.16549991e-01   2.27320600e+00  -1.40533730e+01     25000         1   3.41243045e+00  -3.73247645e+00   6.16048484e-01   3.41338221e+00  -3.62653164e+00     6     0
    6054     327     189   8.70000000e-01   4.10250110e-01   1.25832700e+00  -8.22040900e+00     25000         1   2.96867054e+00  -2.59469894e+00   5.15268323e-01   2.96871573e+00  -2.55157828e+00     6     0
    6050     327     189   2.00000000e-01   1.42445203e-01   1.94749500e+00  -1.28518900e+01     25000         1   4.20751541e+00  -6.01951905e+00   6.13000989e-01   4.20780120e+00  -5.90699489e+00     6     0
    6059     327     191   2.60000000e-01   3.89811539e-01   6.12840800e+00  -1.36712830e+01     25000         1   3.39706650e+00  -2.87837165e+00   6.01353428e-01   3.39870864e+00  -2.81402937e+00     3     0
    6060     327     191   6.60000000e-01   3.29590682e+00   1.33777000e+00  -7.28980300e+00     25000         1   8.72929447e+00  -1.68091092e+01   6.57960616e-01   8.72929400e+00  -1.68091080e+01     3     0
    6061     327     191   1.01000000e+00   4.12255798e-01   9.17621000e-01  -4.16777800e+00     25000         1   3.28664940e+00  -2.89045586e+00   4.57993770e-01   3.28661192e+00  -2.89154514e+00     3     0
    6058     327     191   2.40000000e-01   3.06710159e-01   5.65473000e-01  -9.90000000e+10     25000         0   3.34513509e+00  -2.76229064e+00   5.65473191e-01   3.34513500e+00  -2.76229100e+00     3     0
    6078     327     198   6.90000000e-01   1.36571982e+00   5.29930000e-01  -1.13571000e+00     25000         1   1.28448566e+00   3.83033765e+00   2.64964597e-01   1.28448600e+00   3.83033666e+00     2     0
    6079     327     198   1.43000000e+00   7.62971336e-01   1.25791800e+00  -4.59358600e+00     25000         1   2.80571033e+00  -8.66290576e-01   6.28959075e-01   2.80571000e+00  -8.66289643e-01     2     0
    6080     327     198   2.43000000e+00   6.32508654e+03   7.27988000e-01  -2.40587100e+00     25000         1   2.03458344e+01  -4.71556836e+01   3.63994478e-01   2.03458340e+01  -4.71556825e+01     2     0
    6123     327     213   1.20000000e+00   1.76624437e+00   8.42096000e-01  -9.16813900e+00     25000         1   2.28595149e+00   6.61307684e-01   3.90863775e-01   2.28595100e+00   6.61309022e-01    12     0
    6125     327     213   1.97000000e+00   1.77673815e+00   8.16013000e-01  -8.88630500e+00     25000         1   1.96190325e+00   1.51940345e+00   3.43601276e-01   1.96190300e+00   1.51940414e+00    12     0
    6126     327     213   2.64000000e+00   1.52031409e+00   6.12850000e-01  -5.39438200e+00     25000         1   1.63649781e+00   2.38441103e+00   2.77021920e-01   1.63649800e+00   2.38441049e+00    12     0
    6118     327     213   8.60000000e-01   7.46246112e-01   8.70370000e-01  -9.61760600e+00     25000         1   2.10654901e+00   1.11660628e+00   3.88859193e-01   2.10654900e+00   1.11660632e+00    12     0
    6114     327     213   7.10000000e-01   7.60385548e-01   8.56583000e-01  -9.44329400e+00     25000         1   2.01242110e+00   1.39296512e+00   3.75836475e-01   2.01242100e+00   1.39296540e+00    12     0
    6121     327     213   9.40000000e-01   1.07886893e+00   8.74904000e-01  -9.67709400e+00     25000         1   2.04842159e+00   1.29877302e+00   3.91899996e-01   2.04842200e+00   1.29877188e+00    12     0
    6117     327     213   8.40000000e-01   7.49225444e-01   8.70888000e-01  -9.62840500e+00     25000         1   2.09439276e+00   1.15232309e+00   3.87743554e-01   2.09439300e+00   1.15232242e+00    12     0
    6115     327     213   7.40000000e-01   8.16874050e-01   8.59740000e-01  -9.48234400e+00     25000         1   2.00824803e+00   1.40682667e+00   3.79424682e-01   2.00824800e+00   1.40682675e+00    12     0
    6119     327     213   8.80000000e-01   9.32864404e-01   8.76969000e-01  -9.71354100e+00     25000         1   2.03431860e+00   1.33165103e+00   3.89822596e-01   2.03431900e+00   1.33164994e+00    12     0
    6124     327     213   1.28000000e+00   1.26178468e+00   8.75802000e-01  -9.70016600e+00     25000         1   2.03999115e+00   1.31038650e+00   3.88283880e-01   2.03999100e+00   1.31038692e+00    12     0
    6122     327     213   1.03000000e+00   1.31520250e+00   8.64873000e-01  -9.52068500e+00     25000         1   2.11484965e+00   1.12334761e+00   3.93116379e-01   2.11485000e+00   1.12334663e+00    12     0
    6120     327     213   9.00000000e-01   7.12063381e-01   8.63218000e-01  -9.50347100e+00     25000         1   2.15733173e+00   9.69135689e-01   3.90644308e-01   2.15733200e+00   9.69134934e-01    12     0
    6116     327     213   7.40000000e-01   7.91900689e-01   8.61590000e-01  -9.51007100e+00     25000         1   2.01677248e+00   1.38087763e+00   3.79424682e-01   2.01677200e+00   1.38087895e+00    12     0
    6133     327     217   8.60000000e-01   8.55360959e-01   8.75219000e-01  -3.16464800e+00     25000         1   2.12111410e+00   1.12079684e+00   4.29716315e-01   2.12085321e+00   1.13153790e+00     3     0
    6136     327     217   2.58000000e+00   1.88889817e+00   5.04489000e-01  -9.40299000e-01     25000         1   1.60482561e+00   2.52036261e+00   2.51982495e-01   1.60478311e+00   2.52439557e+00     3     0
    6134     327     217   9.00000000e-01   8.41064516e-01   9.14518000e-01  -2.50671700e+00     25000         1   2.18009855e+00   9.39280019e-01   4.48202075e-01   2.18009900e+00   9.39278700e-01     3     0
    6135     327     217   1.50000000e+00   1.87950923e+00   1.01449800e+00  -3.73356100e+00     25000         1   2.27165980e+00   7.50242786e-01   5.07161185e-01   2.27161073e+00   7.53551532e-01     3     0
    6216     327     253   5.40000000e-01   4.74710183e-01   4.57286000e-01  -9.98013900e+00     25000         1   2.33632505e+00   1.27750584e-01   4.05430811e-01   2.33632500e+00   1.27750728e-01    27     0
    6223     327     253   7.50000000e-01   9.11124695e-01   4.63322000e-01  -1.05221050e+01     25000         1   2.31941475e+00   1.86442003e-01   4.11293657e-01   2.31941500e+00   1.86441316e-01    27     0
    6212     327     253   4.60000000e-01   3.93579722e-01   4.50000000e-01  -9.16943500e+00     25000         1   2.35942067e+00   6.23826363e-02   3.98796393e-01   2.35942100e+00   6.23817170e-02    27     0
    6235     327     253   1.27000000e+00   1.01208739e+00   4.50287000e-01  -9.06363200e+00     25000         1   2.26428211e+00   3.25144008e-01   3.99477953e-01   2.26428200e+00   3.25144327e-01    27     0
    6228     327     253   1.01000000e+00   7.96240701e-01   4.59325000e-01  -1.00107730e+01     25000         1   2.29577068e+00   2.36950964e-01   4.07876112e-01   2.29577100e+00   2.36950061e-01    27     0
    6220     327     253   7.00000000e-01   6.55371606e-01   4.63397000e-01  -1.06792740e+01     25000         1   2.30750750e+00   2.10355650e-01   4.10904177e-01   2.30750700e+00   2.10357045e-01    27     0
    6210     327     253   3.30000000e-01   4.08792875e-01   4.25556000e-01  -6.36835900e+00     25000         1   2.22024895e+00   4.63661949e-01   3.76485572e-01   2.22024900e+00   4.63661802e-01    27     0
    6233     327     253   1.14000000e+00   1.30961515e+00   4.55785000e-01  -9.80920900e+00     25000         1   2.34265960e+00   1.19628861e-01   4.04079870e-01   2.34266000e+00   1.19627760e-01    27     0
    6229     327     253   1.02000000e+00   8.60157169e-01   4.59458000e-01  -1.01506580e+01     25000         1   2.29005124e+00   2.55303064e-01   4.07620076e-01   2.29005100e+00   2.55303736e-01    27     0
    6225     327     253   8.60000000e-01   9.76835716e-01   4.63057000e-01  -1.05909770e+01     25000         1   2.31846712e+00   1.86687310e-01   4.10753512e-01   2.31846700e+00   1.86687645e-01    27     0
    6221     327     253   7.10000000e-01   8.06839580e-01   4.63342000e-01  -1.06195820e+01     25000         1   2.30464014e+00   2.25261322e-01   4.11020505e-01   2.30464000e+00   2.25261722e-01    27     0
    6218     327     253   6.30000000e-01   4.98172971e-01   4.61097000e-01  -1.02181210e+01     25000         1   2.35753329e+00   6.48323703e-02   4.09450599e-01   2.35753300e+00   6.48331870e-02    27     0
    6214     327     253   4.80000000e-01   5.99216190e-01   4.51764000e-01  -9.23436400e+00     25000         1   2.26823760e+00   3.30121667e-01   4.00807138e-01   2.26823800e+00   3.30120559e-01    27     0
    6211     327     253   3.70000000e-01   4.04375640e-01   4.35926000e-01  -7.70267200e+00     25000         1   2.26818913e+00   3.25513601e-01   3.85551261e-01   2.26818900e+00   3.25513967e-01    27     0
    6237     327     253   1.61000000e+00   1.25315371e+00   4.34582000e-01  -7.29120700e+00     25000         1   2.22789794e+00   4.25762997e-01   3.85120389e-01   2.22789800e+00   4.25762820e-01    27     0
    6234     327     253   1.14000000e+00   1.23679862e+00   4.55968000e-01  -9.88264900e+00     25000         1   2.32334669e+00   1.71443697e-01   4.04079870e-01   2.32334700e+00   1.71442840e-01    27     0
    6232     327     253   1.09000000e+00   1.13827682e+00   4.57741000e-01  -1.00921390e+01     25000         1   2.31117589e+00   2.04021623e-01   4.05651884e-01   2.31117600e+00   2.04021311e-01    27     0
    6230     327     253   1.06000000e+00   9.92382000e-01   4.58655000e-01  -1.01779490e+01     25000         1   2.29181593e+00   2.54110910e-01   4.06531249e-01   2.29181600e+00   2.54110715e-01    27     0
    6227     327     253   9.50000000e-01   9.45855774e-01   4.61680000e-01  -1.05174810e+01     25000         1   2.30102280e+00   2.30632348e-01   4.09260174e-01   2.30102300e+00   2.30631785e-01    27     0
    6226     327     253   9.30000000e-01   1.12810481e+00   4.61567000e-01  -1.03431290e+01     25000         1   2.34234648e+00   1.22442394e-01   4.09657781e-01   2.34234600e+00   1.22443729e-01    27     0
    6224     327     253   8.00000000e-01   7.72290050e-01   4.63826000e-01  -1.07382340e+01     25000         1   2.30144925e+00   2.28341737e-01   4.11256512e-01   2.30144900e+00   2.28342424e-01    27     0
    6222     327     253   7.30000000e-01   6.49990432e-01   4.63574000e-01  -1.06573720e+01     25000         1   2.31246077e+00   1.94752230e-01   4.11193945e-01   2.31246100e+00   1.94751597e-01    27     0
    6236     327     253   1.46000000e+00   1.36159575e+00   4.42684000e-01  -8.45746800e+00     25000         1   2.27839227e+00   2.91405888e-01   3.91771758e-01   2.27839200e+00   2.91406635e-01    27     0
    6219     327     253   6.40000000e-01   5.85684784e-01   4.62076000e-01  -1.05246070e+01     25000         1   2.31517883e+00   1.88150339e-01   4.09734128e-01   2.31517900e+00   1.88149873e-01    27     0
    6217     327     253   5.90000000e-01   6.85419932e-01   4.59989000e-01  -1.02371290e+01     25000         1   2.29106284e+00   2.63908336e-01   4.08017303e-01   2.29106300e+00   2.63907881e-01    27     0
    6215     327     253   5.00000000e-01   4.85797271e-01   4.54414000e-01  -9.74218200e+00     25000         1   2.30908877e+00   2.07268326e-01   4.02564844e-01   2.30908900e+00   2.07267681e-01    27     0
    6213     327     253   4.60000000e-01   5.78447542e-01   4.49535000e-01  -8.97831100e+00     25000         1   2.26231680e+00   3.46891624e-01   3.98796393e-01   2.26231700e+00   3.46891055e-01    27     0
    6231     327     253   1.08000000e+00   1.16314684e+00   4.58011000e-01  -1.01049340e+01     25000         1   2.31884261e+00   1.83742157e-01   4.05950635e-01   2.31884300e+00   1.83741081e-01    27     0
    6239     238     254   2.00000000e-02   4.04048610e-02   1.93456900e+00  -1.92477510e+01     25000         1   5.73840075e+00  -1.28690856e+01   8.08367814e-01   5.73840100e+00  -1.28690864e+01     6     0
    6240     238     254   2.00000000e-02   3.45300547e-02   2.01961700e+00  -1.97727500e+01     25000         1   5.84971808e+00  -1.32292409e+01   8.08367814e-01   5.84971800e+00  -1.32292407e+01     6     0
    6242     238     254   1.10000000e-01   4.68868898e-02   2.17140400e+00  -2.05135650e+01     25000         1   7.16345317e+00  -1.74169265e+01   1.01949845e+00   7.16345300e+00  -1.74169260e+01     6     0
    6243     238     254   1.40000000e-01   2.17921196e-01   2.24540600e+00  -2.09903550e+01     25000         1   7.12570585e+00  -1.71192631e+01   1.00311864e+00   7.12570600e+00  -1.71192636e+01     6     0
    6244     238     254   1.90000000e-01   8.19447466e-02   2.07102200e+00  -1.99591510e+01     25000         1   6.57362112e+00  -1.56234748e+01   9.65496576e-01   6.57362100e+00  -1.56234744e+01     6     0
    6245     238     254   2.70000000e-01   3.76626825e-01   2.13898200e+00  -2.04523050e+01     25000         1   7.23606100e+00  -1.74700865e+01   8.95750700e-01   7.23606100e+00  -1.74700865e+01     6     0
    6241     238     254   1.10000000e-01   1.31349025e-01   2.30264600e+00  -2.13015490e+01     25000         1   6.73945423e+00  -1.59831573e+01   1.01949845e+00   6.73945400e+00  -1.59831566e+01     6     0
    6254     327     260   5.40000000e-01   6.17737632e-01   5.54309000e-01  -1.98821500e+00     25000         1   4.16703014e+00  -5.61634357e+00   2.75028079e-01   4.16701505e+00  -5.62116874e+00     4     0
    6256     327     260   6.00000000e-01   5.58645881e-01   5.31149000e-01  -1.75154800e+00     25000         1   3.74323984e+00  -4.45379492e+00   2.60598092e-01   3.74327893e+00  -4.43980906e+00     4     0
    6257     327     260   6.00000000e-01   5.50647295e-01   5.29242000e-01  -1.43666300e+00     25000         1   3.74323984e+00  -4.45379492e+00   2.60598092e-01   3.74323901e+00  -4.45408960e+00     4     0
    6255     327     260   5.50000000e-01   5.72711147e-01   5.59407000e-01  -1.72356200e+00     25000         1   3.90339897e+00  -4.88731172e+00   2.73480598e-01   3.90343802e+00  -4.87566653e+00     4     0
    6253     327     260   3.10000000e-01   1.23866892e+00   3.88950000e-02   1.09677800e+01     25000     25000  -5.04892443e+00   2.08922947e+01   4.84436906e-02  -5.01399419e+00   2.07869122e+01     4     0
    6270     327     268   9.00000000e-02   2.90959763e-01   1.46112100e+00  -3.90386300e+00     25000         1   5.90316957e+00  -1.19573082e+01   7.23322750e-01   5.90317000e+00  -1.19573095e+01     3     0
    6272     327     268   5.00000000e-01   9.64692282e-02   1.88246000e-01   1.00426500e+00      9346      9346   1.43273533e-01   4.24363060e+00   2.06428221e-01  -2.58514519e-01   5.37255268e+00     3     0
    6271     327     268   1.40000000e-01   1.25962847e-01   8.04097000e-01  -9.90000000e+10     25000         0   4.60202568e+00  -8.46278153e+00   8.04096656e-01   4.60202600e+00  -8.46278200e+00     3     0
    6269     327     268   9.00000000e-02   4.36555293e-02   7.23323000e-01  -9.90000000e+10     25000         0   6.82910605e+00  -1.51395910e+01   7.23322750e-01   6.82910600e+00  -1.51395910e+01     3     0
    6307     320     286   8.20000000e-01   8.96388249e-01   1.54468000e-01   3.14181700e+00        29         9   7.55072237e-01   4.77564103e+00   1.82888993e-01   7.55072000e-01   4.77564166e+00     7     0
    6311     320     286   1.03000000e+00   8.83236047e-01   1.48153000e-01   3.43397800e+00        26         7   6.87146631e-01   4.92619077e+00   1.72562908e-01   6.87147000e-01   4.92618979e+00     7     0
    6309     320     286   9.00000000e-01   1.03009429e+00   1.52076000e-01   3.25106200e+00        41        21   9.23032601e-01   4.33415117e+00   1.84380059e-01   9.23033000e-01   4.33415012e+00     7     0
    6305     320     286   6.30000000e-01   8.77462806e-01   1.27194000e-01   4.50173900e+00        26         3   1.96483690e-01   6.29323233e+00   1.28805102e-01   1.96484000e-01   6.29323150e+00     7     0
    6312     320     286   1.11000000e+00   9.21929080e-01   1.46535000e-01   3.51088800e+00        26         3   5.07575434e-01   5.40034708e+00   1.57743219e-01   5.07575000e-01   5.40034822e+00     7     0
    6310     320     286   9.90000000e-01   7.78166211e-01   1.77852000e-01  -9.90000000e+10     25000         0   9.31496206e-01   4.26469512e+00   1.77852264e-01   9.31496000e-01   4.26469500e+00     7     0
    6308     320     286   8.80000000e-01   7.57080068e-01   1.84722000e-01  -9.90000000e+10     25000         0   9.16099723e-01   4.31696883e+00   1.84722232e-01   9.16100000e-01   4.31696900e+00     7     0
    6306     320     286   7.40000000e-01   9.47923388e-01   1.71966000e-01  -9.90000000e+10     25000         0   8.61763004e-01   4.51135078e+00   1.71965535e-01   8.61763000e-01   4.51135100e+00     7     0
    6328     327     286   5.90000000e-01   6.07718607e-01   1.21898600e+00  -5.13686270e+01     25000         1   2.71421156e+00  -9.51501898e-01   4.35446037e-01   2.71421200e+00  -9.51503109e-01    45     0
    6316     327     286   3.50000000e-01   3.26123722e-01   1.25550800e+00  -5.26325460e+01     25000         1   2.74192000e+00  -1.02992304e+00   4.24561002e-01   2.74192000e+00  -1.02992303e+00    45     0
    6345     327     286   8.50000000e-01   6.42437409e-01   1.19558600e+00  -5.05136310e+01     25000         1   2.72213962e+00  -9.80038335e-01   4.34544519e-01   2.72214000e+00  -9.80039370e-01    45     0
    6321     327     286   4.60000000e-01   5.73369638e-01   1.19558600e+00  -5.05136310e+01     25000         1   2.69699667e+00  -8.99719012e-01   4.32074483e-01   2.72214000e+00  -9.80039370e-01    45     0
    6355     327     286   1.33000000e+00   1.16066793e+00   1.25273900e+00  -5.25337660e+01     25000         1   2.67710595e+00  -8.52995786e-01   4.23813566e-01   2.67710600e+00  -8.52995919e-01    45     0
    6335     327     286   6.70000000e-01   6.83872462e-01   1.21795800e+00  -5.13326860e+01     25000         1   2.71595541e+00  -9.56497893e-01   4.35919126e-01   2.71595500e+00  -9.56496776e-01    45     0
    6318     327     286   4.00000000e-01   4.22318118e-01   1.23888800e+00  -5.20615220e+01     25000         1   2.70263828e+00  -9.19119523e-01   4.28740145e-01   2.70263800e+00  -9.19118755e-01    45     0
    6350     327     286   1.03000000e+00   1.14045151e+00   1.23888800e+00  -5.20615220e+01     25000         1   2.74597420e+00  -1.03712636e+00   4.31266476e-01   2.70263800e+00  -9.19118755e-01    45     0
    6341     327     286   7.60000000e-01   6.61052734e-01   1.23888800e+00  -5.20615220e+01     25000         1   2.71751184e+00  -9.64349944e-01   4.35558655e-01   2.70263800e+00  -9.19118755e-01    45     0
    6332     327     286   6.30000000e-01   7.46016361e-01   1.23888800e+00  -5.20615220e+01     25000         1   2.72458602e+00  -9.76950049e-01   4.35795069e-01   2.70263800e+00  -9.19118755e-01    45     0
    6340     327     286   7.60000000e-01   4.36361451e-01   1.23888800e+00  -5.20615220e+01     25000         1   2.84992492e+00  -1.33846108e+00   4.35558655e-01   2.70263800e+00  -9.19118755e-01    45     0
    6320     327     286   4.30000000e-01   6.20415061e-01   1.23888800e+00  -5.20615220e+01     25000         1   2.69921501e+00  -9.02769728e-01   4.30596682e-01   2.70263800e+00  -9.19118755e-01    45     0
    6352     327     286   1.05000000e+00   5.37848013e-01   1.23888800e+00  -5.20615220e+01     25000         1   2.79783464e+00  -1.19730716e+00   4.30829956e-01   2.70263800e+00  -9.19118755e-01    45     0
    6314     327     286   2.90000000e-01   4.29303693e-01   1.23888800e+00  -5.20615220e+01     25000         1   2.61874351e+00  -6.80457890e-01   4.16973486e-01   2.70263800e+00  -9.19118755e-01    45     0
    6358     327     286   1.48000000e+00   1.39867636e+00   1.23888800e+00  -5.20615220e+01     25000         1   2.69261201e+00  -8.94047946e-01   4.19612649e-01   2.70263800e+00  -9.19118755e-01    45     0
    6353     327     286   1.30000000e+00   1.53702637e+00   1.24574400e+00  -5.22912730e+01     25000         1   2.78469045e+00  -1.14244795e+00   4.24626001e-01   2.78469000e+00  -1.14244671e+00    45     0
    6347     327     286   9.30000000e-01   1.18171665e+00   1.20620900e+00  -5.09001290e+01     25000         1   2.78252926e+00  -1.13493685e+00   4.33252992e-01   2.78252900e+00  -1.13493614e+00    45     0
    6343     327     286   8.00000000e-01   6.68047606e-01   1.20620900e+00  -5.09001290e+01     25000         1   2.71736113e+00  -9.64918344e-01   4.35175142e-01   2.78252900e+00  -1.13493614e+00    45     0
    6338     327     286   7.00000000e-01   8.98944686e-01   1.19814100e+00  -5.06106060e+01     25000         1   2.75146181e+00  -1.04921751e+00   4.35887503e-01   2.75146200e+00  -1.04921804e+00    45     0
    6333     327     286   6.30000000e-01   6.22095744e-01   1.19814100e+00  -5.06106060e+01     25000         1   2.71659938e+00  -9.59090998e-01   4.35795069e-01   2.75146200e+00  -1.04921804e+00    45     0
    6330     327     286   6.10000000e-01   5.37915622e-01   1.19814100e+00  -5.06106060e+01     25000         1   2.73148164e+00  -1.00254040e+00   4.35651393e-01   2.75146200e+00  -1.04921804e+00    45     0
    6326     327     286   5.50000000e-01   6.49578041e-01   1.19814100e+00  -5.06106060e+01     25000         1   2.71210588e+00  -9.42764607e-01   4.34824121e-01   2.75146200e+00  -1.04921804e+00    45     0
    6323     327     286   4.80000000e-01   7.20385447e-01   1.19814100e+00  -5.06106060e+01     25000         1   2.72808772e+00  -9.81453211e-01   4.32882294e-01   2.75146200e+00  -1.04921804e+00    45     0
    6348     327     286   9.60000000e-01   7.20385447e-01   1.19814100e+00  -5.06106060e+01     25000         1   2.70682876e+00  -9.38343555e-01   4.32694987e-01   2.75146200e+00  -1.04921804e+00    45     0
    6319     327     286   4.10000000e-01   4.00582983e-01   1.19814100e+00  -5.06106060e+01     25000         1   2.72213305e+00  -9.74453255e-01   4.29405851e-01   2.75146200e+00  -1.04921804e+00    45     0
    6317     327     286   3.50000000e-01   4.97721546e-01   1.19814100e+00  -5.06106060e+01     25000         1   2.65830892e+00  -7.90393917e-01   4.24561002e-01   2.75146200e+00  -1.04921804e+00    45     0
    6356     327     286   1.37000000e+00   1.25064945e+00   1.19814100e+00  -5.06106060e+01     25000         1   2.68016875e+00  -8.60961699e-01   4.22714327e-01   2.75146200e+00  -1.04921804e+00    45     0
    6315     327     286   3.20000000e-01   3.64120832e-01   1.19814100e+00  -5.06106060e+01     25000         1   2.66993029e+00  -8.27141012e-01   4.21198299e-01   2.75146200e+00  -1.04921804e+00    45     0
    6313     327     286   2.70000000e-01   5.28991788e-01   1.12019100e+00  -4.75962110e+01     25000         1   2.62323842e+00  -6.87224790e-01   4.13549526e-01   2.62323800e+00  -6.87223632e-01    45     0
